  0.00000000 
  0.00103896 
  0.00207792 
  0.00311688 
  0.00415584 
  0.00519480 
  0.00623376 
  0.00727272 
  0.00831168 
  0.00935064 
  0.01038960 
  0.01142856 
  0.01246752 
  0.01350648 
  0.01454544 
  0.01558440 
  0.01662336 
  0.01766232 
  0.01870128 
  0.01974024 
  0.02077920 
  0.02181816 
  0.02285712 
  0.02389608 
  0.02493504 
  0.02597400 
  0.02701296 
  0.02805192 
  0.02909088 
  0.03012984 
  0.03116880 
  0.03220776 
  0.03324672 
  0.03428568 
  0.03532464 
  0.03636360 
  0.03740256 
  0.03844152 
  0.03948048 
  0.04051944 
  0.04155840 
  0.04259736 
  0.04363632 
  0.04467528 
  0.04571424 
  0.04675320 
  0.04779216 
  0.04883112 
  0.04987008 
  0.05090904 
  0.05194800 
  0.05298696 
  0.05402592 
  0.05506488 
  0.05610384 
  0.05714280 
  0.05818176 
  0.05922072 
  0.06025968 
  0.06129864 
  0.06233760 
  0.06337656 
  0.06441552 
  0.06545448 
  0.06649344 
  0.06753240 
  0.06857136 
  0.06961032 
  0.07064928 
  0.07168824 
  0.07272720 
  0.07376616 
  0.07480512 
  0.07584408 
  0.07688304 
  0.07792200 
  0.07896096 
  0.07999992 
  0.08103888 
  0.08207784 
  0.08311680 
  0.08415576 

